0.984808  0.984808 0.984808 0.984808 -1.110223e-16 0.000000e+00 1.110223e-16 
0.945214  0.945214 0.965007 0.965007 -1.979383e-02 -1.979383e-02 -7.771561e-16
0.905619  0.905619 0.920102 0.920102 -1.448289e-02 -1.448289e-02 -2.109424e-15 
0.866025  0.866025 0.866025 0.866025 1.332268e-15 0.000000e+00 -1.332268e-15 
0.791613  0.791613 0.769796 0.769796 2.181699e-02 2.181699e-02 -5.551115e-16
0.717200  0.717200 0.697058 0.697058 2.014283e-02 2.014283e-02 -2.220446e-16 
0.642788  0.642788 0.642788 0.642788 1.110223e-16 0.000000e+00 -1.110223e-16 
0.542532  0.542532 0.571239 0.571239 -2.870746e-02 -2.870746e-02 -5.551115e-16
0.442276  0.442276 0.473153 0.473153 -3.087747e-02 -3.087747e-02 -1.831868e-15 
0.342020  0.342020 0.342020 0.342020 2.498002e-15 0.000000e+00 -2.498002e-15 
0.228013  0.228013 0.178633 0.178633 4.938058e-02 4.938058e-02 -3.219647e-15
0.114007  0.114007 0.049237 0.049237 6.476993e-02 6.476993e-02 -2.942091e-15 
0.000000  -0.000000 -0.000000 0.000000 2.368476e-15 -0.000000e+00 -2.368476e-15 
-0.114007  0.114007 0.049237 0.049237 6.476993e-02 6.476993e-02 -1.727785e-15
-0.228013  0.228013 0.178633 0.178633 4.938058e-02 4.938058e-02 -1.332268e-15 
-0.342020  0.342020 0.342020 0.342020 1.165734e-15 0.000000e+00 -1.165734e-15 
-0.442276  0.442276 0.473153 0.473153 -3.087747e-02 -3.087747e-02 -9.992007e-16
-0.542532  0.542532 0.571239 0.571239 -2.870746e-02 -2.870746e-02 -3.330669e-16 
-0.642788  0.642788 0.642788 0.642788 -9.992007e-16 0.000000e+00 9.992007e-16 
-0.717200  0.717200 0.697058 0.697058 2.014283e-02 2.014283e-02 2.664535e-15
-0.791613  0.791613 0.769796 0.769796 2.181699e-02 2.181699e-02 4.440892e-15 
-0.866025  0.866025 0.866025 0.866025 -6.217249e-15 0.000000e+00 6.217249e-15 
-0.905619  0.905619 0.920102 0.920102 -1.448289e-02 -1.448289e-02 4.551914e-15
-0.945214  0.945214 0.965007 0.965007 -1.979383e-02 -1.979383e-02 6.106227e-15 
-0.984808  0.984808 0.984808 0.984808 -3.663736e-15 0.000000e+00 3.663736e-15 
