-1.000000  1.753902 1.753902 1.753902
-0.925926  1.808437 1.808553 1.808553
-0.851852  1.095039 1.051079 1.051079
-0.777778  0.252803 0.252801 0.252801
-0.703704  -0.329700 -0.301780 -0.301780
-0.629630  -0.597907 -0.579334 -0.579334
-0.555556  -0.651229 -0.651229 -0.651229
-0.481481  -0.602717 -0.610767 -0.610767
-0.407407  -0.528223 -0.533615 -0.533615
-0.333333  -0.465348 -0.465348 -0.465348
-0.259259  -0.426481 -0.423979 -0.423979
-0.185185  -0.410512 -0.408823 -0.408823
-0.111111  -0.410028 -0.410028 -0.410028
-0.037037  -0.415006 -0.415586 -0.415586
0.037037  -0.414544 -0.414656 -0.414656
0.111111  -0.397555 -0.397555 -0.397555
0.185185  -0.352775 -0.353801 -0.353801
0.259259  -0.268225 -0.270130 -0.270130
0.333333  -0.130493 -0.130492 -0.130492
0.407407  0.075012 0.080418 0.080418
0.481481  0.360360 0.369445 0.369445
0.555556  0.723817 0.723815 0.723815
0.629630  1.126779 1.099188 1.099188
0.703704  1.462195 1.411924 1.411924
0.777778  1.543438 1.543438 1.543438
0.851852  1.187482 1.367886 1.367886
0.925926  0.469427 0.818218 0.818218
1.000000  0.010008 0.010008 0.010008
