0.987688  0.027561 0.027560 0.027560 
0.955461  0.202248 0.228412 0.228412
0.923234  0.496489 0.520464 0.520464 
0.891007  0.827860 0.827865 0.827865 
0.829707  1.343947 1.297512 1.297512
0.768407  1.554612 1.512266 1.512266 
0.707107  1.473156 1.473155 1.473155 
0.622735  1.089850 1.136352 1.136352
0.538362  0.633647 0.671896 0.671896 
0.453990  0.244746 0.244748 0.244748 
0.354805  -0.078541 -0.108022 -0.108022
0.255619  -0.273506 -0.296192 -0.296192 
0.156434  -0.374195 -0.374195 -0.374195 
0.052145  -0.412783 -0.399821 -0.399821
-0.052145  -0.414072 -0.405558 -0.405558 
-0.156434  -0.409003 -0.409003 -0.409003 
-0.255619  -0.425205 -0.426650 -0.426650
-0.354805  -0.481311 -0.480483 -0.480483 
-0.453990  -0.575387 -0.575387 -0.575387 
-0.538362  -0.645564 -0.646364 -0.646364
-0.622735  -0.610032 -0.607355 -0.607355 
-0.707107  -0.310274 -0.310275 -0.310275 
-0.768407  0.161019 0.144897 0.144897
-0.829707  0.831441 0.800496 0.800496 
-0.891007  1.528057 1.528053 1.528053 
-0.923234  1.792233 1.832626 1.832626
-0.955461  1.909862 1.976825 1.976825 
-0.987688  1.836102 1.836101 1.836101 
