0.994522  0.994522 0.994522 0.994522 
0.980034  0.980034 0.973035 0.973035
0.965545  0.965545 0.960589 0.960589 
0.951057  0.951057 0.951057 0.951057 
0.922713  0.922713 0.929753 0.929753
0.894369  0.894369 0.900397 0.900397 
0.866025  0.866025 0.866025 0.866025 
0.825065  0.825065 0.817456 0.817456
0.784105  0.784105 0.776990 0.776990 
0.743145  0.743145 0.743145 0.743145 
0.691358  0.691358 0.700179 0.700179
0.639572  0.639572 0.648357 0.648357 
0.587785  0.587785 0.587785 0.587785 
0.527436  0.527436 0.516304 0.516304
0.467086  0.467086 0.455292 0.455292 
0.406737  0.406737 0.406737 0.406737 
0.340462  0.340462 0.356408 0.356408
0.274187  0.274187 0.292516 0.292516 
0.207912  0.207912 0.207912 0.207912 
0.138608  0.138608 0.109682 0.109682
0.069304  0.069304 0.030505 0.030505 
0.000000  -0.000000 0.000000 0.000000 
-0.069304  0.069304 0.030505 0.030505
-0.138608  0.138608 0.109682 0.109682 
-0.207912  0.207912 0.207912 0.207912 
-0.274187  0.274187 0.292516 0.292516
-0.340462  0.340462 0.356408 0.356408 
-0.406737  0.406737 0.406737 0.406737 
-0.467086  0.467086 0.455292 0.455292
-0.527436  0.527436 0.516304 0.516304 
-0.587785  0.587785 0.587785 0.587785 
-0.639572  0.639572 0.648357 0.648357
-0.691358  0.691358 0.700179 0.700179 
-0.743145  0.743145 0.743145 0.743145 
-0.784105  0.784105 0.776990 0.776990
-0.825065  0.825065 0.817456 0.817456 
-0.866025  0.866025 0.866025 0.866025 
-0.894369  0.894369 0.900397 0.900397
-0.922713  0.922713 0.929753 0.929753 
-0.951057  0.951057 0.951057 0.951057 
-0.965545  0.965545 0.960589 0.960589
-0.980034  0.980034 0.973035 0.973035 
-0.994522  0.994522 0.994522 0.994522 
