0.991445  0.039102 0.039102 0.039102 
0.968923  0.040866 0.048259 0.048259
0.946402  0.042750 0.048165 0.048165 
0.923880  0.044765 0.044765 0.044765 
0.880371  0.049077 0.040661 0.040661
0.836862  0.054029 0.046277 0.046277 
0.793353  0.059754 0.059754 0.059754 
0.731822  0.069497 0.081057 0.081057
0.670292  0.081751 0.094001 0.094001 
0.608761  0.097421 0.097421 0.097421 
0.533402  0.123260 0.103158 0.103158
0.458042  0.160126 0.135547 0.135547 
0.382683  0.214539 0.214539 0.214539 
0.298631  0.309645 0.359375 0.359375
0.214578  0.464879 0.537466 0.537466 
0.130526  0.701299 0.701298 0.701298 
0.043509  0.954813 0.803576 0.803576
-0.043509  0.954813 0.803576 0.803576 
-0.130526  0.701299 0.701298 0.701298 
-0.214578  0.464879 0.537466 0.537466
-0.298631  0.309645 0.359375 0.359375 
-0.382683  0.214539 0.214539 0.214539 
-0.458042  0.160126 0.135547 0.135547
-0.533402  0.123260 0.103158 0.103158 
-0.608761  0.097421 0.097421 0.097421 
-0.670292  0.081751 0.094001 0.094001
-0.731822  0.069497 0.081057 0.081057 
-0.793353  0.059754 0.059754 0.059754 
-0.836862  0.054029 0.046277 0.046277
-0.880371  0.049077 0.040661 0.040661 
-0.923880  0.044765 0.044765 0.044765 
-0.946402  0.042750 0.048165 0.048165
-0.968923  0.040866 0.048259 0.048259 
-0.991445  0.039102 0.039102 0.039102 
