-1.000000  0.038462 0.038462 0.038462
-0.939394  0.043362 0.597214 0.597214
-0.878788  0.049245 0.335129 0.335129
-0.818182  0.056384 0.056383 0.056383
-0.757576  0.065155 -0.038870 -0.038870
-0.696970  0.076079 0.004843 0.004843
-0.636364  0.089896 0.089896 0.089896
-0.575758  0.107673 0.149168 0.149168
-0.515152  0.130984 0.166026 0.166026
-0.454545  0.162198 0.162198 0.162198
-0.393939  0.204930 0.174554 0.174554
-0.333333  0.264706 0.233546 0.233546
-0.272727  0.349711 0.349710 0.349710
-0.212121  0.470614 0.510041 0.510041
-0.151515  0.635356 0.682949 0.682949
-0.090909  0.828767 0.828767 0.828767
-0.030303  0.977558 0.912039 0.912039
0.030303  0.977558 0.912039 0.912039
0.090909  0.828767 0.828767 0.828767
0.151515  0.635356 0.682949 0.682949
0.212121  0.470614 0.510041 0.510041
0.272727  0.349711 0.349710 0.349710
0.333333  0.264706 0.233546 0.233546
0.393939  0.204930 0.174554 0.174554
0.454545  0.162198 0.162198 0.162198
0.515152  0.130984 0.166026 0.166026
0.575758  0.107673 0.149168 0.149168
0.636364  0.089896 0.089896 0.089896
0.696970  0.076079 0.004843 0.004843
0.757576  0.065155 -0.038870 -0.038870
0.818182  0.056384 0.056383 0.056383
0.878788  0.049245 0.335129 0.335129
0.939394  0.043362 0.597214 0.597214
1.000000  0.038462 0.038462 0.038462
