0.974928  0.076922 0.076923 0.076923 
0.910562  0.626489 1.014347 1.014347
0.846197  1.231219 1.447476 1.447476 
0.781831  1.536355 1.536354 1.536354 
0.665849  1.309197 1.210520 1.210520
0.549866  0.693672 0.663445 0.663445 
0.433884  0.167458 0.167457 0.167457 
0.289256  -0.219670 -0.225854 -0.225854
0.144628  -0.381428 -0.382762 -0.382762 
0.000000  -0.416147 -0.416147 -0.416147 
-0.144628  -0.408936 -0.440623 -0.440623
-0.289256  -0.439199 -0.503617 -0.503617 
-0.433884  -0.554789 -0.554789 -0.554789 
-0.549866  -0.649882 -0.494606 -0.494606
-0.665849  -0.501239 -0.241226 -0.241226 
-0.781831  0.293961 0.293966 0.293966 
-0.846197  1.027958 0.731872 0.731872
-0.910562  1.702677 1.268676 1.268676 
-0.974928  1.889828 1.889828 1.889828 
