0.991445  0.018879 0.018879 0.018879 
0.968923  0.109772 0.087399 0.087399
0.946402  0.276612 0.262175 0.262175 
0.923880  0.489970 0.489975 0.489975 
0.880371  0.933507 0.948094 0.948094
0.836862  1.297826 1.307407 1.307407 
0.793353  1.508561 1.508560 1.508560 
0.731822  1.534752 1.529894 1.529894
0.670292  1.329630 1.327802 1.327802 
0.608761  1.013889 1.013892 1.013892 
0.533402  0.608188 0.605902 0.605902
0.458042  0.261069 0.257476 0.257476 
0.382683  -0.001994 -0.001993 -0.001993 
0.298631  -0.202558 -0.196699 -0.196699
0.214578  -0.324694 -0.318241 -0.318241 
0.130526  -0.388974 -0.388974 -0.388974 
0.043509  -0.413879 -0.421793 -0.421793
-0.043509  -0.414628 -0.423280 -0.423280 
-0.130526  -0.409194 -0.409194 -0.409194 
-0.214578  -0.414496 -0.404160 -0.404160
-0.298631  -0.444007 -0.432148 -0.432148 
-0.382683  -0.504945 -0.504945 -0.504945 
-0.458042  -0.579515 -0.593942 -0.593942
-0.533402  -0.643112 -0.660546 -0.660546 
-0.608761  -0.629318 -0.629317 -0.629317 
-0.670292  -0.485123 -0.464605 -0.464605
-0.731822  -0.148048 -0.122632 -0.122632 
-0.793353  0.415406 0.415409 0.415409 
-0.836862  0.916657 0.890802 0.890802
-0.880371  1.418722 1.386136 1.386136 
-0.923880  1.796217 1.796214 1.796214 
-0.946402  1.894671 1.920039 1.920039
-0.968923  1.903905 1.940439 1.940439 
-0.991445  1.814135 1.814136 1.814136 
