0.991445  0.018879 0.018879 0.018879 6.794463e-09 6.794463e-09 9.020562e-17 
0.968923  0.109772 0.087399 0.087399 2.237269e-02 2.237269e-02 1.443290e-15
0.946402  0.276612 0.262175 0.262175 1.443681e-02 1.443681e-02 6.550316e-15 
0.923880  0.489970 0.489975 0.489975 -4.627522e-06 -4.627522e-06 5.606626e-15 
0.880371  0.933507 0.948094 0.948094 -1.458696e-02 -1.458696e-02 7.771561e-15
0.836862  1.297826 1.307407 1.307407 -9.581085e-03 -9.581085e-03 4.440892e-16 
0.793353  1.508561 1.508560 1.508560 5.172046e-07 5.172046e-07 2.442491e-15 
0.731822  1.534752 1.529894 1.529894 4.857130e-03 4.857130e-03 3.330669e-15
0.670292  1.329630 1.327802 1.327802 1.827357e-03 1.827357e-03 3.108624e-15 
0.608761  1.013889 1.013892 1.013892 -2.719819e-06 -2.719819e-06 2.664535e-15 
0.533402  0.608188 0.605902 0.605902 2.285939e-03 2.285939e-03 2.331468e-15
0.458042  0.261069 0.257476 0.257476 3.593328e-03 3.593328e-03 2.053913e-15 
0.382683  -0.001994 -0.001993 -0.001993 -1.273463e-06 -1.273463e-06 1.627171e-15 
0.298631  -0.202558 -0.196699 -0.196699 -5.858917e-03 -5.858917e-03 1.110223e-15
0.214578  -0.324694 -0.318241 -0.318241 -6.453412e-03 -6.453412e-03 1.110223e-15 
0.130526  -0.388974 -0.388974 -0.388974 8.566465e-08 8.566466e-08 1.276756e-15 
0.043509  -0.413879 -0.421793 -0.421793 7.914146e-03 7.914146e-03 1.387779e-15
-0.043509  -0.414628 -0.423280 -0.423280 8.651591e-03 8.651591e-03 6.106227e-16 
-0.130526  -0.409194 -0.409194 -0.409194 -2.379033e-07 -2.379033e-07 -1.387779e-15 
-0.214578  -0.414496 -0.404160 -0.404160 -1.033591e-02 -1.033591e-02 -3.552714e-15
-0.298631  -0.444007 -0.432148 -0.432148 -1.185910e-02 -1.185910e-02 -5.384582e-15 
-0.382683  -0.504945 -0.504945 -0.504945 3.659974e-07 3.659974e-07 -4.996004e-15 
-0.458042  -0.579515 -0.593942 -0.593942 1.442734e-02 1.442734e-02 -2.886580e-15
-0.533402  -0.643112 -0.660546 -0.660546 1.743433e-02 1.743433e-02 3.330669e-16 
-0.608761  -0.629318 -0.629317 -0.629317 -7.145451e-07 -7.145451e-07 2.442491e-15 
-0.670292  -0.485123 -0.464605 -0.464605 -2.051808e-02 -2.051808e-02 2.886580e-15
-0.731822  -0.148048 -0.122632 -0.122632 -2.541630e-02 -2.541630e-02 2.123302e-15 
-0.793353  0.415406 0.415409 0.415409 -3.395661e-06 -3.395661e-06 -1.665335e-16 
-0.836862  0.916657 0.890802 0.890802 2.585477e-02 2.585477e-02 -1.443290e-15
-0.880371  1.418722 1.386136 1.386136 3.258622e-02 3.258622e-02 8.881784e-16 
-0.923880  1.796217 1.796214 1.796214 2.579791e-06 2.579791e-06 3.552714e-15 
-0.946402  1.894671 1.920039 1.920039 -2.536834e-02 -2.536834e-02 -2.886580e-15
-0.968923  1.903905 1.940439 1.940439 -3.653442e-02 -3.653442e-02 1.110223e-15 
-0.991445  1.814135 1.814136 1.814136 -9.713147e-07 -9.713147e-07 -9.325873e-15 
