-1.000000  1.000000 1.000000 1.000000
-0.952381  0.952381 -3.006273 -3.006273
-0.904762  0.904762 -0.840552 -0.840552
-0.857143  0.857143 0.857146 0.857146
-0.809524  0.809524 1.261678 1.261678
-0.761905  0.761905 1.019501 1.019501
-0.714286  0.714286 0.714285 0.714285
-0.666667  0.666667 0.566332 0.566332
-0.619048  0.619048 0.551154 0.551154
-0.571429  0.571429 0.571429 0.571429
-0.523810  0.523810 0.559774 0.559774
-0.476190  0.476190 0.504238 0.504238
-0.428571  0.428571 0.428572 0.428572
-0.380952  0.380952 0.361450 0.361450
-0.333333  0.333333 0.315937 0.315937
-0.285714  0.285714 0.285714 0.285714
-0.238095  0.238095 0.254049 0.254049
-0.190476  0.190476 0.206985 0.206985
-0.142857  0.142857 0.142857 0.142857
-0.095238  0.095238 0.073910 0.073910
-0.047619  0.047619 0.020272 0.020272
0.000000  -0.000000 -0.000000 0.000000
0.047619  0.047619 0.020272 0.020272
0.095238  0.095238 0.073910 0.073910
0.142857  0.142857 0.142857 0.142857
0.190476  0.190476 0.206985 0.206985
0.238095  0.238095 0.254049 0.254049
0.285714  0.285714 0.285714 0.285714
0.333333  0.333333 0.315937 0.315937
0.380952  0.380952 0.361450 0.361450
0.428571  0.428571 0.428572 0.428572
0.476190  0.476190 0.504238 0.504238
0.523810  0.523810 0.559774 0.559774
0.571429  0.571429 0.571429 0.571429
0.619048  0.619048 0.551154 0.551154
0.666667  0.666667 0.566332 0.566332
0.714286  0.714286 0.714285 0.714285
0.761905  0.761905 1.019501 1.019501
0.809524  0.809524 1.261678 1.261678
0.857143  0.857143 0.857146 0.857146
0.904762  0.904762 -0.840552 -0.840552
0.952381  0.952381 -3.006273 -3.006273
1.000000  1.000000 1.000000 1.000000
