0.951057  0.951057 0.951057 0.951057 -1.110223e-16 0.000000e+00 1.110223e-16 
0.829966  0.829966 0.896989 0.896989 -6.702281e-02 -6.702281e-02 3.330669e-16
0.708876  0.708876 0.763194 0.763194 -5.431804e-02 -5.431804e-02 -2.220446e-16 
0.587785  0.587785 0.587785 0.587785 0.000000e+00 0.000000e+00 0.000000e+00 
0.391857  0.391857 0.295499 0.295499 9.635790e-02 9.635790e-02 -1.110223e-16
0.195928  0.195928 0.079014 0.079014 1.169145e-01 1.169145e-01 -1.526557e-16 
0.000000  -0.000000 -0.000000 0.000000 1.986027e-16 -0.000000e+00 -1.986027e-16 
-0.195928  0.195928 0.079014 0.079014 1.169145e-01 1.169145e-01 -1.804112e-16
-0.391857  0.391857 0.295499 0.295499 9.635790e-02 9.635790e-02 -2.220446e-16 
-0.587785  0.587785 0.587785 0.587785 1.110223e-16 0.000000e+00 -1.110223e-16 
-0.708876  0.708876 0.763194 0.763194 -5.431804e-02 -5.431804e-02 -1.110223e-16
-0.829966  0.829966 0.896989 0.896989 -6.702281e-02 -6.702281e-02 2.220446e-16 
-0.951057  0.951057 0.951057 0.951057 -5.551115e-16 0.000000e+00 5.551115e-16 
